27
1 0.5 0.5 0.5 0 0 0
1 0.5 0.5 0.49 0 0 0
1 0.5 0.5 0.51 0 0 0
1 0.5 0.49 0.5 0 0 0
1 0.5 0.49 0.49 0 0 0
1 0.5 0.49 0.51 0 0 0
1 0.5 0.51 0.5 0 0 0
1 0.5 0.51 0.49 0 0 0
1 0.5 0.51 0.51 0 0 0
1 0.49 0.5 0.5 0 0 0
1 0.49 0.5 0.49 0 0 0
1 0.49 0.5 0.51 0 0 0
1 0.49 0.49 0.5 0 0 0
1 0.49 0.49 0.49 0 0 0
1 0.49 0.49 0.51 0 0 0
1 0.49 0.51 0.5 0 0 0
1 0.49 0.51 0.49 0 0 0
1 0.49 0.51 0.51 0 0 0
1 0.51 0.5 0.5 0 0 0
1 0.51 0.5 0.49 0 0 0
1 0.51 0.5 0.51 0 0 0
1 0.51 0.49 0.5 0 0 0
1 0.51 0.49 0.49 0 0 0
1 0.51 0.49 0.51 0 0 0
1 0.51 0.51 0.5 0 0 0
1 0.51 0.51 0.49 0 0 0
1 0.51 0.51 0.51 0 0 0
