27
1 0.5 0.5 0.5 0 0 0
1 0.5 0.5 0.501 0 0 0
1 0.5 0.5 0.502 0 0 0
1 0.5 0.501 0.5 0 0 0
1 0.5 0.501 0.501 0 0 0
1 0.5 0.501 0.502 0 0 0
1 0.5 0.502 0.5 0 0 0
1 0.5 0.502 0.501 0 0 0
1 0.5 0.502 0.502 0 0 0
1 0.501 0.5 0.5 0 0 0
1 0.501 0.5 0.501 0 0 0
1 0.501 0.5 0.502 0 0 0
1 0.501 0.501 0.5 0 0 0
1 0.501 0.501 0.501 0 0 0
1 0.501 0.501 0.502 0 0 0
1 0.501 0.502 0.5 0 0 0
1 0.501 0.502 0.501 0 0 0
1 0.501 0.502 0.502 0 0 0
1 0.502 0.5 0.5 0 0 0
1 0.502 0.5 0.501 0 0 0
1 0.502 0.5 0.502 0 0 0
1 0.502 0.501 0.5 0 0 0
1 0.502 0.501 0.501 0 0 0
1 0.502 0.501 0.502 0 0 0
1 0.502 0.502 0.5 0 0 0
1 0.502 0.502 0.501 0 0 0
1 0.502 0.502 0.502 0 0 0
