1331
1 0.5 0.5 0.5 0 0 0
1 0.5 0.5 0.501 0 0 0
1 0.5 0.5 0.502 0 0 0
1 0.5 0.5 0.503 0 0 0
1 0.5 0.5 0.504 0 0 0
1 0.5 0.5 0.505 0 0 0
1 0.5 0.5 0.506 0 0 0
1 0.5 0.5 0.507 0 0 0
1 0.5 0.5 0.508 0 0 0
1 0.5 0.5 0.509 0 0 0
1 0.5 0.5 0.51 0 0 0
1 0.5 0.501 0.5 0 0 0
1 0.5 0.501 0.501 0 0 0
1 0.5 0.501 0.502 0 0 0
1 0.5 0.501 0.503 0 0 0
1 0.5 0.501 0.504 0 0 0
1 0.5 0.501 0.505 0 0 0
1 0.5 0.501 0.506 0 0 0
1 0.5 0.501 0.507 0 0 0
1 0.5 0.501 0.508 0 0 0
1 0.5 0.501 0.509 0 0 0
1 0.5 0.501 0.51 0 0 0
1 0.5 0.502 0.5 0 0 0
1 0.5 0.502 0.501 0 0 0
1 0.5 0.502 0.502 0 0 0
1 0.5 0.502 0.503 0 0 0
1 0.5 0.502 0.504 0 0 0
1 0.5 0.502 0.505 0 0 0
1 0.5 0.502 0.506 0 0 0
1 0.5 0.502 0.507 0 0 0
1 0.5 0.502 0.508 0 0 0
1 0.5 0.502 0.509 0 0 0
1 0.5 0.502 0.51 0 0 0
1 0.5 0.503 0.5 0 0 0
1 0.5 0.503 0.501 0 0 0
1 0.5 0.503 0.502 0 0 0
1 0.5 0.503 0.503 0 0 0
1 0.5 0.503 0.504 0 0 0
1 0.5 0.503 0.505 0 0 0
1 0.5 0.503 0.506 0 0 0
1 0.5 0.503 0.507 0 0 0
1 0.5 0.503 0.508 0 0 0
1 0.5 0.503 0.509 0 0 0
1 0.5 0.503 0.51 0 0 0
1 0.5 0.504 0.5 0 0 0
1 0.5 0.504 0.501 0 0 0
1 0.5 0.504 0.502 0 0 0
1 0.5 0.504 0.503 0 0 0
1 0.5 0.504 0.504 0 0 0
1 0.5 0.504 0.505 0 0 0
1 0.5 0.504 0.506 0 0 0
1 0.5 0.504 0.507 0 0 0
1 0.5 0.504 0.508 0 0 0
1 0.5 0.504 0.509 0 0 0
1 0.5 0.504 0.51 0 0 0
1 0.5 0.505 0.5 0 0 0
1 0.5 0.505 0.501 0 0 0
1 0.5 0.505 0.502 0 0 0
1 0.5 0.505 0.503 0 0 0
1 0.5 0.505 0.504 0 0 0
1 0.5 0.505 0.505 0 0 0
1 0.5 0.505 0.506 0 0 0
1 0.5 0.505 0.507 0 0 0
1 0.5 0.505 0.508 0 0 0
1 0.5 0.505 0.509 0 0 0
1 0.5 0.505 0.51 0 0 0
1 0.5 0.506 0.5 0 0 0
1 0.5 0.506 0.501 0 0 0
1 0.5 0.506 0.502 0 0 0
1 0.5 0.506 0.503 0 0 0
1 0.5 0.506 0.504 0 0 0
1 0.5 0.506 0.505 0 0 0
1 0.5 0.506 0.506 0 0 0
1 0.5 0.506 0.507 0 0 0
1 0.5 0.506 0.508 0 0 0
1 0.5 0.506 0.509 0 0 0
1 0.5 0.506 0.51 0 0 0
1 0.5 0.507 0.5 0 0 0
1 0.5 0.507 0.501 0 0 0
1 0.5 0.507 0.502 0 0 0
1 0.5 0.507 0.503 0 0 0
1 0.5 0.507 0.504 0 0 0
1 0.5 0.507 0.505 0 0 0
1 0.5 0.507 0.506 0 0 0
1 0.5 0.507 0.507 0 0 0
1 0.5 0.507 0.508 0 0 0
1 0.5 0.507 0.509 0 0 0
1 0.5 0.507 0.51 0 0 0
1 0.5 0.508 0.5 0 0 0
1 0.5 0.508 0.501 0 0 0
1 0.5 0.508 0.502 0 0 0
1 0.5 0.508 0.503 0 0 0
1 0.5 0.508 0.504 0 0 0
1 0.5 0.508 0.505 0 0 0
1 0.5 0.508 0.506 0 0 0
1 0.5 0.508 0.507 0 0 0
1 0.5 0.508 0.508 0 0 0
1 0.5 0.508 0.509 0 0 0
1 0.5 0.508 0.51 0 0 0
1 0.5 0.509 0.5 0 0 0
1 0.5 0.509 0.501 0 0 0
1 0.5 0.509 0.502 0 0 0
1 0.5 0.509 0.503 0 0 0
1 0.5 0.509 0.504 0 0 0
1 0.5 0.509 0.505 0 0 0
1 0.5 0.509 0.506 0 0 0
1 0.5 0.509 0.507 0 0 0
1 0.5 0.509 0.508 0 0 0
1 0.5 0.509 0.509 0 0 0
1 0.5 0.509 0.51 0 0 0
1 0.5 0.51 0.5 0 0 0
1 0.5 0.51 0.501 0 0 0
1 0.5 0.51 0.502 0 0 0
1 0.5 0.51 0.503 0 0 0
1 0.5 0.51 0.504 0 0 0
1 0.5 0.51 0.505 0 0 0
1 0.5 0.51 0.506 0 0 0
1 0.5 0.51 0.507 0 0 0
1 0.5 0.51 0.508 0 0 0
1 0.5 0.51 0.509 0 0 0
1 0.5 0.51 0.51 0 0 0
1 0.501 0.5 0.5 0 0 0
1 0.501 0.5 0.501 0 0 0
1 0.501 0.5 0.502 0 0 0
1 0.501 0.5 0.503 0 0 0
1 0.501 0.5 0.504 0 0 0
1 0.501 0.5 0.505 0 0 0
1 0.501 0.5 0.506 0 0 0
1 0.501 0.5 0.507 0 0 0
1 0.501 0.5 0.508 0 0 0
1 0.501 0.5 0.509 0 0 0
1 0.501 0.5 0.51 0 0 0
1 0.501 0.501 0.5 0 0 0
1 0.501 0.501 0.501 0 0 0
1 0.501 0.501 0.502 0 0 0
1 0.501 0.501 0.503 0 0 0
1 0.501 0.501 0.504 0 0 0
1 0.501 0.501 0.505 0 0 0
1 0.501 0.501 0.506 0 0 0
1 0.501 0.501 0.507 0 0 0
1 0.501 0.501 0.508 0 0 0
1 0.501 0.501 0.509 0 0 0
1 0.501 0.501 0.51 0 0 0
1 0.501 0.502 0.5 0 0 0
1 0.501 0.502 0.501 0 0 0
1 0.501 0.502 0.502 0 0 0
1 0.501 0.502 0.503 0 0 0
1 0.501 0.502 0.504 0 0 0
1 0.501 0.502 0.505 0 0 0
1 0.501 0.502 0.506 0 0 0
1 0.501 0.502 0.507 0 0 0
1 0.501 0.502 0.508 0 0 0
1 0.501 0.502 0.509 0 0 0
1 0.501 0.502 0.51 0 0 0
1 0.501 0.503 0.5 0 0 0
1 0.501 0.503 0.501 0 0 0
1 0.501 0.503 0.502 0 0 0
1 0.501 0.503 0.503 0 0 0
1 0.501 0.503 0.504 0 0 0
1 0.501 0.503 0.505 0 0 0
1 0.501 0.503 0.506 0 0 0
1 0.501 0.503 0.507 0 0 0
1 0.501 0.503 0.508 0 0 0
1 0.501 0.503 0.509 0 0 0
1 0.501 0.503 0.51 0 0 0
1 0.501 0.504 0.5 0 0 0
1 0.501 0.504 0.501 0 0 0
1 0.501 0.504 0.502 0 0 0
1 0.501 0.504 0.503 0 0 0
1 0.501 0.504 0.504 0 0 0
1 0.501 0.504 0.505 0 0 0
1 0.501 0.504 0.506 0 0 0
1 0.501 0.504 0.507 0 0 0
1 0.501 0.504 0.508 0 0 0
1 0.501 0.504 0.509 0 0 0
1 0.501 0.504 0.51 0 0 0
1 0.501 0.505 0.5 0 0 0
1 0.501 0.505 0.501 0 0 0
1 0.501 0.505 0.502 0 0 0
1 0.501 0.505 0.503 0 0 0
1 0.501 0.505 0.504 0 0 0
1 0.501 0.505 0.505 0 0 0
1 0.501 0.505 0.506 0 0 0
1 0.501 0.505 0.507 0 0 0
1 0.501 0.505 0.508 0 0 0
1 0.501 0.505 0.509 0 0 0
1 0.501 0.505 0.51 0 0 0
1 0.501 0.506 0.5 0 0 0
1 0.501 0.506 0.501 0 0 0
1 0.501 0.506 0.502 0 0 0
1 0.501 0.506 0.503 0 0 0
1 0.501 0.506 0.504 0 0 0
1 0.501 0.506 0.505 0 0 0
1 0.501 0.506 0.506 0 0 0
1 0.501 0.506 0.507 0 0 0
1 0.501 0.506 0.508 0 0 0
1 0.501 0.506 0.509 0 0 0
1 0.501 0.506 0.51 0 0 0
1 0.501 0.507 0.5 0 0 0
1 0.501 0.507 0.501 0 0 0
1 0.501 0.507 0.502 0 0 0
1 0.501 0.507 0.503 0 0 0
1 0.501 0.507 0.504 0 0 0
1 0.501 0.507 0.505 0 0 0
1 0.501 0.507 0.506 0 0 0
1 0.501 0.507 0.507 0 0 0
1 0.501 0.507 0.508 0 0 0
1 0.501 0.507 0.509 0 0 0
1 0.501 0.507 0.51 0 0 0
1 0.501 0.508 0.5 0 0 0
1 0.501 0.508 0.501 0 0 0
1 0.501 0.508 0.502 0 0 0
1 0.501 0.508 0.503 0 0 0
1 0.501 0.508 0.504 0 0 0
1 0.501 0.508 0.505 0 0 0
1 0.501 0.508 0.506 0 0 0
1 0.501 0.508 0.507 0 0 0
1 0.501 0.508 0.508 0 0 0
1 0.501 0.508 0.509 0 0 0
1 0.501 0.508 0.51 0 0 0
1 0.501 0.509 0.5 0 0 0
1 0.501 0.509 0.501 0 0 0
1 0.501 0.509 0.502 0 0 0
1 0.501 0.509 0.503 0 0 0
1 0.501 0.509 0.504 0 0 0
1 0.501 0.509 0.505 0 0 0
1 0.501 0.509 0.506 0 0 0
1 0.501 0.509 0.507 0 0 0
1 0.501 0.509 0.508 0 0 0
1 0.501 0.509 0.509 0 0 0
1 0.501 0.509 0.51 0 0 0
1 0.501 0.51 0.5 0 0 0
1 0.501 0.51 0.501 0 0 0
1 0.501 0.51 0.502 0 0 0
1 0.501 0.51 0.503 0 0 0
1 0.501 0.51 0.504 0 0 0
1 0.501 0.51 0.505 0 0 0
1 0.501 0.51 0.506 0 0 0
1 0.501 0.51 0.507 0 0 0
1 0.501 0.51 0.508 0 0 0
1 0.501 0.51 0.509 0 0 0
1 0.501 0.51 0.51 0 0 0
1 0.502 0.5 0.5 0 0 0
1 0.502 0.5 0.501 0 0 0
1 0.502 0.5 0.502 0 0 0
1 0.502 0.5 0.503 0 0 0
1 0.502 0.5 0.504 0 0 0
1 0.502 0.5 0.505 0 0 0
1 0.502 0.5 0.506 0 0 0
1 0.502 0.5 0.507 0 0 0
1 0.502 0.5 0.508 0 0 0
1 0.502 0.5 0.509 0 0 0
1 0.502 0.5 0.51 0 0 0
1 0.502 0.501 0.5 0 0 0
1 0.502 0.501 0.501 0 0 0
1 0.502 0.501 0.502 0 0 0
1 0.502 0.501 0.503 0 0 0
1 0.502 0.501 0.504 0 0 0
1 0.502 0.501 0.505 0 0 0
1 0.502 0.501 0.506 0 0 0
1 0.502 0.501 0.507 0 0 0
1 0.502 0.501 0.508 0 0 0
1 0.502 0.501 0.509 0 0 0
1 0.502 0.501 0.51 0 0 0
1 0.502 0.502 0.5 0 0 0
1 0.502 0.502 0.501 0 0 0
1 0.502 0.502 0.502 0 0 0
1 0.502 0.502 0.503 0 0 0
1 0.502 0.502 0.504 0 0 0
1 0.502 0.502 0.505 0 0 0
1 0.502 0.502 0.506 0 0 0
1 0.502 0.502 0.507 0 0 0
1 0.502 0.502 0.508 0 0 0
1 0.502 0.502 0.509 0 0 0
1 0.502 0.502 0.51 0 0 0
1 0.502 0.503 0.5 0 0 0
1 0.502 0.503 0.501 0 0 0
1 0.502 0.503 0.502 0 0 0
1 0.502 0.503 0.503 0 0 0
1 0.502 0.503 0.504 0 0 0
1 0.502 0.503 0.505 0 0 0
1 0.502 0.503 0.506 0 0 0
1 0.502 0.503 0.507 0 0 0
1 0.502 0.503 0.508 0 0 0
1 0.502 0.503 0.509 0 0 0
1 0.502 0.503 0.51 0 0 0
1 0.502 0.504 0.5 0 0 0
1 0.502 0.504 0.501 0 0 0
1 0.502 0.504 0.502 0 0 0
1 0.502 0.504 0.503 0 0 0
1 0.502 0.504 0.504 0 0 0
1 0.502 0.504 0.505 0 0 0
1 0.502 0.504 0.506 0 0 0
1 0.502 0.504 0.507 0 0 0
1 0.502 0.504 0.508 0 0 0
1 0.502 0.504 0.509 0 0 0
1 0.502 0.504 0.51 0 0 0
1 0.502 0.505 0.5 0 0 0
1 0.502 0.505 0.501 0 0 0
1 0.502 0.505 0.502 0 0 0
1 0.502 0.505 0.503 0 0 0
1 0.502 0.505 0.504 0 0 0
1 0.502 0.505 0.505 0 0 0
1 0.502 0.505 0.506 0 0 0
1 0.502 0.505 0.507 0 0 0
1 0.502 0.505 0.508 0 0 0
1 0.502 0.505 0.509 0 0 0
1 0.502 0.505 0.51 0 0 0
1 0.502 0.506 0.5 0 0 0
1 0.502 0.506 0.501 0 0 0
1 0.502 0.506 0.502 0 0 0
1 0.502 0.506 0.503 0 0 0
1 0.502 0.506 0.504 0 0 0
1 0.502 0.506 0.505 0 0 0
1 0.502 0.506 0.506 0 0 0
1 0.502 0.506 0.507 0 0 0
1 0.502 0.506 0.508 0 0 0
1 0.502 0.506 0.509 0 0 0
1 0.502 0.506 0.51 0 0 0
1 0.502 0.507 0.5 0 0 0
1 0.502 0.507 0.501 0 0 0
1 0.502 0.507 0.502 0 0 0
1 0.502 0.507 0.503 0 0 0
1 0.502 0.507 0.504 0 0 0
1 0.502 0.507 0.505 0 0 0
1 0.502 0.507 0.506 0 0 0
1 0.502 0.507 0.507 0 0 0
1 0.502 0.507 0.508 0 0 0
1 0.502 0.507 0.509 0 0 0
1 0.502 0.507 0.51 0 0 0
1 0.502 0.508 0.5 0 0 0
1 0.502 0.508 0.501 0 0 0
1 0.502 0.508 0.502 0 0 0
1 0.502 0.508 0.503 0 0 0
1 0.502 0.508 0.504 0 0 0
1 0.502 0.508 0.505 0 0 0
1 0.502 0.508 0.506 0 0 0
1 0.502 0.508 0.507 0 0 0
1 0.502 0.508 0.508 0 0 0
1 0.502 0.508 0.509 0 0 0
1 0.502 0.508 0.51 0 0 0
1 0.502 0.509 0.5 0 0 0
1 0.502 0.509 0.501 0 0 0
1 0.502 0.509 0.502 0 0 0
1 0.502 0.509 0.503 0 0 0
1 0.502 0.509 0.504 0 0 0
1 0.502 0.509 0.505 0 0 0
1 0.502 0.509 0.506 0 0 0
1 0.502 0.509 0.507 0 0 0
1 0.502 0.509 0.508 0 0 0
1 0.502 0.509 0.509 0 0 0
1 0.502 0.509 0.51 0 0 0
1 0.502 0.51 0.5 0 0 0
1 0.502 0.51 0.501 0 0 0
1 0.502 0.51 0.502 0 0 0
1 0.502 0.51 0.503 0 0 0
1 0.502 0.51 0.504 0 0 0
1 0.502 0.51 0.505 0 0 0
1 0.502 0.51 0.506 0 0 0
1 0.502 0.51 0.507 0 0 0
1 0.502 0.51 0.508 0 0 0
1 0.502 0.51 0.509 0 0 0
1 0.502 0.51 0.51 0 0 0
1 0.503 0.5 0.5 0 0 0
1 0.503 0.5 0.501 0 0 0
1 0.503 0.5 0.502 0 0 0
1 0.503 0.5 0.503 0 0 0
1 0.503 0.5 0.504 0 0 0
1 0.503 0.5 0.505 0 0 0
1 0.503 0.5 0.506 0 0 0
1 0.503 0.5 0.507 0 0 0
1 0.503 0.5 0.508 0 0 0
1 0.503 0.5 0.509 0 0 0
1 0.503 0.5 0.51 0 0 0
1 0.503 0.501 0.5 0 0 0
1 0.503 0.501 0.501 0 0 0
1 0.503 0.501 0.502 0 0 0
1 0.503 0.501 0.503 0 0 0
1 0.503 0.501 0.504 0 0 0
1 0.503 0.501 0.505 0 0 0
1 0.503 0.501 0.506 0 0 0
1 0.503 0.501 0.507 0 0 0
1 0.503 0.501 0.508 0 0 0
1 0.503 0.501 0.509 0 0 0
1 0.503 0.501 0.51 0 0 0
1 0.503 0.502 0.5 0 0 0
1 0.503 0.502 0.501 0 0 0
1 0.503 0.502 0.502 0 0 0
1 0.503 0.502 0.503 0 0 0
1 0.503 0.502 0.504 0 0 0
1 0.503 0.502 0.505 0 0 0
1 0.503 0.502 0.506 0 0 0
1 0.503 0.502 0.507 0 0 0
1 0.503 0.502 0.508 0 0 0
1 0.503 0.502 0.509 0 0 0
1 0.503 0.502 0.51 0 0 0
1 0.503 0.503 0.5 0 0 0
1 0.503 0.503 0.501 0 0 0
1 0.503 0.503 0.502 0 0 0
1 0.503 0.503 0.503 0 0 0
1 0.503 0.503 0.504 0 0 0
1 0.503 0.503 0.505 0 0 0
1 0.503 0.503 0.506 0 0 0
1 0.503 0.503 0.507 0 0 0
1 0.503 0.503 0.508 0 0 0
1 0.503 0.503 0.509 0 0 0
1 0.503 0.503 0.51 0 0 0
1 0.503 0.504 0.5 0 0 0
1 0.503 0.504 0.501 0 0 0
1 0.503 0.504 0.502 0 0 0
1 0.503 0.504 0.503 0 0 0
1 0.503 0.504 0.504 0 0 0
1 0.503 0.504 0.505 0 0 0
1 0.503 0.504 0.506 0 0 0
1 0.503 0.504 0.507 0 0 0
1 0.503 0.504 0.508 0 0 0
1 0.503 0.504 0.509 0 0 0
1 0.503 0.504 0.51 0 0 0
1 0.503 0.505 0.5 0 0 0
1 0.503 0.505 0.501 0 0 0
1 0.503 0.505 0.502 0 0 0
1 0.503 0.505 0.503 0 0 0
1 0.503 0.505 0.504 0 0 0
1 0.503 0.505 0.505 0 0 0
1 0.503 0.505 0.506 0 0 0
1 0.503 0.505 0.507 0 0 0
1 0.503 0.505 0.508 0 0 0
1 0.503 0.505 0.509 0 0 0
1 0.503 0.505 0.51 0 0 0
1 0.503 0.506 0.5 0 0 0
1 0.503 0.506 0.501 0 0 0
1 0.503 0.506 0.502 0 0 0
1 0.503 0.506 0.503 0 0 0
1 0.503 0.506 0.504 0 0 0
1 0.503 0.506 0.505 0 0 0
1 0.503 0.506 0.506 0 0 0
1 0.503 0.506 0.507 0 0 0
1 0.503 0.506 0.508 0 0 0
1 0.503 0.506 0.509 0 0 0
1 0.503 0.506 0.51 0 0 0
1 0.503 0.507 0.5 0 0 0
1 0.503 0.507 0.501 0 0 0
1 0.503 0.507 0.502 0 0 0
1 0.503 0.507 0.503 0 0 0
1 0.503 0.507 0.504 0 0 0
1 0.503 0.507 0.505 0 0 0
1 0.503 0.507 0.506 0 0 0
1 0.503 0.507 0.507 0 0 0
1 0.503 0.507 0.508 0 0 0
1 0.503 0.507 0.509 0 0 0
1 0.503 0.507 0.51 0 0 0
1 0.503 0.508 0.5 0 0 0
1 0.503 0.508 0.501 0 0 0
1 0.503 0.508 0.502 0 0 0
1 0.503 0.508 0.503 0 0 0
1 0.503 0.508 0.504 0 0 0
1 0.503 0.508 0.505 0 0 0
1 0.503 0.508 0.506 0 0 0
1 0.503 0.508 0.507 0 0 0
1 0.503 0.508 0.508 0 0 0
1 0.503 0.508 0.509 0 0 0
1 0.503 0.508 0.51 0 0 0
1 0.503 0.509 0.5 0 0 0
1 0.503 0.509 0.501 0 0 0
1 0.503 0.509 0.502 0 0 0
1 0.503 0.509 0.503 0 0 0
1 0.503 0.509 0.504 0 0 0
1 0.503 0.509 0.505 0 0 0
1 0.503 0.509 0.506 0 0 0
1 0.503 0.509 0.507 0 0 0
1 0.503 0.509 0.508 0 0 0
1 0.503 0.509 0.509 0 0 0
1 0.503 0.509 0.51 0 0 0
1 0.503 0.51 0.5 0 0 0
1 0.503 0.51 0.501 0 0 0
1 0.503 0.51 0.502 0 0 0
1 0.503 0.51 0.503 0 0 0
1 0.503 0.51 0.504 0 0 0
1 0.503 0.51 0.505 0 0 0
1 0.503 0.51 0.506 0 0 0
1 0.503 0.51 0.507 0 0 0
1 0.503 0.51 0.508 0 0 0
1 0.503 0.51 0.509 0 0 0
1 0.503 0.51 0.51 0 0 0
1 0.504 0.5 0.5 0 0 0
1 0.504 0.5 0.501 0 0 0
1 0.504 0.5 0.502 0 0 0
1 0.504 0.5 0.503 0 0 0
1 0.504 0.5 0.504 0 0 0
1 0.504 0.5 0.505 0 0 0
1 0.504 0.5 0.506 0 0 0
1 0.504 0.5 0.507 0 0 0
1 0.504 0.5 0.508 0 0 0
1 0.504 0.5 0.509 0 0 0
1 0.504 0.5 0.51 0 0 0
1 0.504 0.501 0.5 0 0 0
1 0.504 0.501 0.501 0 0 0
1 0.504 0.501 0.502 0 0 0
1 0.504 0.501 0.503 0 0 0
1 0.504 0.501 0.504 0 0 0
1 0.504 0.501 0.505 0 0 0
1 0.504 0.501 0.506 0 0 0
1 0.504 0.501 0.507 0 0 0
1 0.504 0.501 0.508 0 0 0
1 0.504 0.501 0.509 0 0 0
1 0.504 0.501 0.51 0 0 0
1 0.504 0.502 0.5 0 0 0
1 0.504 0.502 0.501 0 0 0
1 0.504 0.502 0.502 0 0 0
1 0.504 0.502 0.503 0 0 0
1 0.504 0.502 0.504 0 0 0
1 0.504 0.502 0.505 0 0 0
1 0.504 0.502 0.506 0 0 0
1 0.504 0.502 0.507 0 0 0
1 0.504 0.502 0.508 0 0 0
1 0.504 0.502 0.509 0 0 0
1 0.504 0.502 0.51 0 0 0
1 0.504 0.503 0.5 0 0 0
1 0.504 0.503 0.501 0 0 0
1 0.504 0.503 0.502 0 0 0
1 0.504 0.503 0.503 0 0 0
1 0.504 0.503 0.504 0 0 0
1 0.504 0.503 0.505 0 0 0
1 0.504 0.503 0.506 0 0 0
1 0.504 0.503 0.507 0 0 0
1 0.504 0.503 0.508 0 0 0
1 0.504 0.503 0.509 0 0 0
1 0.504 0.503 0.51 0 0 0
1 0.504 0.504 0.5 0 0 0
1 0.504 0.504 0.501 0 0 0
1 0.504 0.504 0.502 0 0 0
1 0.504 0.504 0.503 0 0 0
1 0.504 0.504 0.504 0 0 0
1 0.504 0.504 0.505 0 0 0
1 0.504 0.504 0.506 0 0 0
1 0.504 0.504 0.507 0 0 0
1 0.504 0.504 0.508 0 0 0
1 0.504 0.504 0.509 0 0 0
1 0.504 0.504 0.51 0 0 0
1 0.504 0.505 0.5 0 0 0
1 0.504 0.505 0.501 0 0 0
1 0.504 0.505 0.502 0 0 0
1 0.504 0.505 0.503 0 0 0
1 0.504 0.505 0.504 0 0 0
1 0.504 0.505 0.505 0 0 0
1 0.504 0.505 0.506 0 0 0
1 0.504 0.505 0.507 0 0 0
1 0.504 0.505 0.508 0 0 0
1 0.504 0.505 0.509 0 0 0
1 0.504 0.505 0.51 0 0 0
1 0.504 0.506 0.5 0 0 0
1 0.504 0.506 0.501 0 0 0
1 0.504 0.506 0.502 0 0 0
1 0.504 0.506 0.503 0 0 0
1 0.504 0.506 0.504 0 0 0
1 0.504 0.506 0.505 0 0 0
1 0.504 0.506 0.506 0 0 0
1 0.504 0.506 0.507 0 0 0
1 0.504 0.506 0.508 0 0 0
1 0.504 0.506 0.509 0 0 0
1 0.504 0.506 0.51 0 0 0
1 0.504 0.507 0.5 0 0 0
1 0.504 0.507 0.501 0 0 0
1 0.504 0.507 0.502 0 0 0
1 0.504 0.507 0.503 0 0 0
1 0.504 0.507 0.504 0 0 0
1 0.504 0.507 0.505 0 0 0
1 0.504 0.507 0.506 0 0 0
1 0.504 0.507 0.507 0 0 0
1 0.504 0.507 0.508 0 0 0
1 0.504 0.507 0.509 0 0 0
1 0.504 0.507 0.51 0 0 0
1 0.504 0.508 0.5 0 0 0
1 0.504 0.508 0.501 0 0 0
1 0.504 0.508 0.502 0 0 0
1 0.504 0.508 0.503 0 0 0
1 0.504 0.508 0.504 0 0 0
1 0.504 0.508 0.505 0 0 0
1 0.504 0.508 0.506 0 0 0
1 0.504 0.508 0.507 0 0 0
1 0.504 0.508 0.508 0 0 0
1 0.504 0.508 0.509 0 0 0
1 0.504 0.508 0.51 0 0 0
1 0.504 0.509 0.5 0 0 0
1 0.504 0.509 0.501 0 0 0
1 0.504 0.509 0.502 0 0 0
1 0.504 0.509 0.503 0 0 0
1 0.504 0.509 0.504 0 0 0
1 0.504 0.509 0.505 0 0 0
1 0.504 0.509 0.506 0 0 0
1 0.504 0.509 0.507 0 0 0
1 0.504 0.509 0.508 0 0 0
1 0.504 0.509 0.509 0 0 0
1 0.504 0.509 0.51 0 0 0
1 0.504 0.51 0.5 0 0 0
1 0.504 0.51 0.501 0 0 0
1 0.504 0.51 0.502 0 0 0
1 0.504 0.51 0.503 0 0 0
1 0.504 0.51 0.504 0 0 0
1 0.504 0.51 0.505 0 0 0
1 0.504 0.51 0.506 0 0 0
1 0.504 0.51 0.507 0 0 0
1 0.504 0.51 0.508 0 0 0
1 0.504 0.51 0.509 0 0 0
1 0.504 0.51 0.51 0 0 0
1 0.505 0.5 0.5 0 0 0
1 0.505 0.5 0.501 0 0 0
1 0.505 0.5 0.502 0 0 0
1 0.505 0.5 0.503 0 0 0
1 0.505 0.5 0.504 0 0 0
1 0.505 0.5 0.505 0 0 0
1 0.505 0.5 0.506 0 0 0
1 0.505 0.5 0.507 0 0 0
1 0.505 0.5 0.508 0 0 0
1 0.505 0.5 0.509 0 0 0
1 0.505 0.5 0.51 0 0 0
1 0.505 0.501 0.5 0 0 0
1 0.505 0.501 0.501 0 0 0
1 0.505 0.501 0.502 0 0 0
1 0.505 0.501 0.503 0 0 0
1 0.505 0.501 0.504 0 0 0
1 0.505 0.501 0.505 0 0 0
1 0.505 0.501 0.506 0 0 0
1 0.505 0.501 0.507 0 0 0
1 0.505 0.501 0.508 0 0 0
1 0.505 0.501 0.509 0 0 0
1 0.505 0.501 0.51 0 0 0
1 0.505 0.502 0.5 0 0 0
1 0.505 0.502 0.501 0 0 0
1 0.505 0.502 0.502 0 0 0
1 0.505 0.502 0.503 0 0 0
1 0.505 0.502 0.504 0 0 0
1 0.505 0.502 0.505 0 0 0
1 0.505 0.502 0.506 0 0 0
1 0.505 0.502 0.507 0 0 0
1 0.505 0.502 0.508 0 0 0
1 0.505 0.502 0.509 0 0 0
1 0.505 0.502 0.51 0 0 0
1 0.505 0.503 0.5 0 0 0
1 0.505 0.503 0.501 0 0 0
1 0.505 0.503 0.502 0 0 0
1 0.505 0.503 0.503 0 0 0
1 0.505 0.503 0.504 0 0 0
1 0.505 0.503 0.505 0 0 0
1 0.505 0.503 0.506 0 0 0
1 0.505 0.503 0.507 0 0 0
1 0.505 0.503 0.508 0 0 0
1 0.505 0.503 0.509 0 0 0
1 0.505 0.503 0.51 0 0 0
1 0.505 0.504 0.5 0 0 0
1 0.505 0.504 0.501 0 0 0
1 0.505 0.504 0.502 0 0 0
1 0.505 0.504 0.503 0 0 0
1 0.505 0.504 0.504 0 0 0
1 0.505 0.504 0.505 0 0 0
1 0.505 0.504 0.506 0 0 0
1 0.505 0.504 0.507 0 0 0
1 0.505 0.504 0.508 0 0 0
1 0.505 0.504 0.509 0 0 0
1 0.505 0.504 0.51 0 0 0
1 0.505 0.505 0.5 0 0 0
1 0.505 0.505 0.501 0 0 0
1 0.505 0.505 0.502 0 0 0
1 0.505 0.505 0.503 0 0 0
1 0.505 0.505 0.504 0 0 0
1 0.505 0.505 0.505 0 0 0
1 0.505 0.505 0.506 0 0 0
1 0.505 0.505 0.507 0 0 0
1 0.505 0.505 0.508 0 0 0
1 0.505 0.505 0.509 0 0 0
1 0.505 0.505 0.51 0 0 0
1 0.505 0.506 0.5 0 0 0
1 0.505 0.506 0.501 0 0 0
1 0.505 0.506 0.502 0 0 0
1 0.505 0.506 0.503 0 0 0
1 0.505 0.506 0.504 0 0 0
1 0.505 0.506 0.505 0 0 0
1 0.505 0.506 0.506 0 0 0
1 0.505 0.506 0.507 0 0 0
1 0.505 0.506 0.508 0 0 0
1 0.505 0.506 0.509 0 0 0
1 0.505 0.506 0.51 0 0 0
1 0.505 0.507 0.5 0 0 0
1 0.505 0.507 0.501 0 0 0
1 0.505 0.507 0.502 0 0 0
1 0.505 0.507 0.503 0 0 0
1 0.505 0.507 0.504 0 0 0
1 0.505 0.507 0.505 0 0 0
1 0.505 0.507 0.506 0 0 0
1 0.505 0.507 0.507 0 0 0
1 0.505 0.507 0.508 0 0 0
1 0.505 0.507 0.509 0 0 0
1 0.505 0.507 0.51 0 0 0
1 0.505 0.508 0.5 0 0 0
1 0.505 0.508 0.501 0 0 0
1 0.505 0.508 0.502 0 0 0
1 0.505 0.508 0.503 0 0 0
1 0.505 0.508 0.504 0 0 0
1 0.505 0.508 0.505 0 0 0
1 0.505 0.508 0.506 0 0 0
1 0.505 0.508 0.507 0 0 0
1 0.505 0.508 0.508 0 0 0
1 0.505 0.508 0.509 0 0 0
1 0.505 0.508 0.51 0 0 0
1 0.505 0.509 0.5 0 0 0
1 0.505 0.509 0.501 0 0 0
1 0.505 0.509 0.502 0 0 0
1 0.505 0.509 0.503 0 0 0
1 0.505 0.509 0.504 0 0 0
1 0.505 0.509 0.505 0 0 0
1 0.505 0.509 0.506 0 0 0
1 0.505 0.509 0.507 0 0 0
1 0.505 0.509 0.508 0 0 0
1 0.505 0.509 0.509 0 0 0
1 0.505 0.509 0.51 0 0 0
1 0.505 0.51 0.5 0 0 0
1 0.505 0.51 0.501 0 0 0
1 0.505 0.51 0.502 0 0 0
1 0.505 0.51 0.503 0 0 0
1 0.505 0.51 0.504 0 0 0
1 0.505 0.51 0.505 0 0 0
1 0.505 0.51 0.506 0 0 0
1 0.505 0.51 0.507 0 0 0
1 0.505 0.51 0.508 0 0 0
1 0.505 0.51 0.509 0 0 0
1 0.505 0.51 0.51 0 0 0
1 0.506 0.5 0.5 0 0 0
1 0.506 0.5 0.501 0 0 0
1 0.506 0.5 0.502 0 0 0
1 0.506 0.5 0.503 0 0 0
1 0.506 0.5 0.504 0 0 0
1 0.506 0.5 0.505 0 0 0
1 0.506 0.5 0.506 0 0 0
1 0.506 0.5 0.507 0 0 0
1 0.506 0.5 0.508 0 0 0
1 0.506 0.5 0.509 0 0 0
1 0.506 0.5 0.51 0 0 0
1 0.506 0.501 0.5 0 0 0
1 0.506 0.501 0.501 0 0 0
1 0.506 0.501 0.502 0 0 0
1 0.506 0.501 0.503 0 0 0
1 0.506 0.501 0.504 0 0 0
1 0.506 0.501 0.505 0 0 0
1 0.506 0.501 0.506 0 0 0
1 0.506 0.501 0.507 0 0 0
1 0.506 0.501 0.508 0 0 0
1 0.506 0.501 0.509 0 0 0
1 0.506 0.501 0.51 0 0 0
1 0.506 0.502 0.5 0 0 0
1 0.506 0.502 0.501 0 0 0
1 0.506 0.502 0.502 0 0 0
1 0.506 0.502 0.503 0 0 0
1 0.506 0.502 0.504 0 0 0
1 0.506 0.502 0.505 0 0 0
1 0.506 0.502 0.506 0 0 0
1 0.506 0.502 0.507 0 0 0
1 0.506 0.502 0.508 0 0 0
1 0.506 0.502 0.509 0 0 0
1 0.506 0.502 0.51 0 0 0
1 0.506 0.503 0.5 0 0 0
1 0.506 0.503 0.501 0 0 0
1 0.506 0.503 0.502 0 0 0
1 0.506 0.503 0.503 0 0 0
1 0.506 0.503 0.504 0 0 0
1 0.506 0.503 0.505 0 0 0
1 0.506 0.503 0.506 0 0 0
1 0.506 0.503 0.507 0 0 0
1 0.506 0.503 0.508 0 0 0
1 0.506 0.503 0.509 0 0 0
1 0.506 0.503 0.51 0 0 0
1 0.506 0.504 0.5 0 0 0
1 0.506 0.504 0.501 0 0 0
1 0.506 0.504 0.502 0 0 0
1 0.506 0.504 0.503 0 0 0
1 0.506 0.504 0.504 0 0 0
1 0.506 0.504 0.505 0 0 0
1 0.506 0.504 0.506 0 0 0
1 0.506 0.504 0.507 0 0 0
1 0.506 0.504 0.508 0 0 0
1 0.506 0.504 0.509 0 0 0
1 0.506 0.504 0.51 0 0 0
1 0.506 0.505 0.5 0 0 0
1 0.506 0.505 0.501 0 0 0
1 0.506 0.505 0.502 0 0 0
1 0.506 0.505 0.503 0 0 0
1 0.506 0.505 0.504 0 0 0
1 0.506 0.505 0.505 0 0 0
1 0.506 0.505 0.506 0 0 0
1 0.506 0.505 0.507 0 0 0
1 0.506 0.505 0.508 0 0 0
1 0.506 0.505 0.509 0 0 0
1 0.506 0.505 0.51 0 0 0
1 0.506 0.506 0.5 0 0 0
1 0.506 0.506 0.501 0 0 0
1 0.506 0.506 0.502 0 0 0
1 0.506 0.506 0.503 0 0 0
1 0.506 0.506 0.504 0 0 0
1 0.506 0.506 0.505 0 0 0
1 0.506 0.506 0.506 0 0 0
1 0.506 0.506 0.507 0 0 0
1 0.506 0.506 0.508 0 0 0
1 0.506 0.506 0.509 0 0 0
1 0.506 0.506 0.51 0 0 0
1 0.506 0.507 0.5 0 0 0
1 0.506 0.507 0.501 0 0 0
1 0.506 0.507 0.502 0 0 0
1 0.506 0.507 0.503 0 0 0
1 0.506 0.507 0.504 0 0 0
1 0.506 0.507 0.505 0 0 0
1 0.506 0.507 0.506 0 0 0
1 0.506 0.507 0.507 0 0 0
1 0.506 0.507 0.508 0 0 0
1 0.506 0.507 0.509 0 0 0
1 0.506 0.507 0.51 0 0 0
1 0.506 0.508 0.5 0 0 0
1 0.506 0.508 0.501 0 0 0
1 0.506 0.508 0.502 0 0 0
1 0.506 0.508 0.503 0 0 0
1 0.506 0.508 0.504 0 0 0
1 0.506 0.508 0.505 0 0 0
1 0.506 0.508 0.506 0 0 0
1 0.506 0.508 0.507 0 0 0
1 0.506 0.508 0.508 0 0 0
1 0.506 0.508 0.509 0 0 0
1 0.506 0.508 0.51 0 0 0
1 0.506 0.509 0.5 0 0 0
1 0.506 0.509 0.501 0 0 0
1 0.506 0.509 0.502 0 0 0
1 0.506 0.509 0.503 0 0 0
1 0.506 0.509 0.504 0 0 0
1 0.506 0.509 0.505 0 0 0
1 0.506 0.509 0.506 0 0 0
1 0.506 0.509 0.507 0 0 0
1 0.506 0.509 0.508 0 0 0
1 0.506 0.509 0.509 0 0 0
1 0.506 0.509 0.51 0 0 0
1 0.506 0.51 0.5 0 0 0
1 0.506 0.51 0.501 0 0 0
1 0.506 0.51 0.502 0 0 0
1 0.506 0.51 0.503 0 0 0
1 0.506 0.51 0.504 0 0 0
1 0.506 0.51 0.505 0 0 0
1 0.506 0.51 0.506 0 0 0
1 0.506 0.51 0.507 0 0 0
1 0.506 0.51 0.508 0 0 0
1 0.506 0.51 0.509 0 0 0
1 0.506 0.51 0.51 0 0 0
1 0.507 0.5 0.5 0 0 0
1 0.507 0.5 0.501 0 0 0
1 0.507 0.5 0.502 0 0 0
1 0.507 0.5 0.503 0 0 0
1 0.507 0.5 0.504 0 0 0
1 0.507 0.5 0.505 0 0 0
1 0.507 0.5 0.506 0 0 0
1 0.507 0.5 0.507 0 0 0
1 0.507 0.5 0.508 0 0 0
1 0.507 0.5 0.509 0 0 0
1 0.507 0.5 0.51 0 0 0
1 0.507 0.501 0.5 0 0 0
1 0.507 0.501 0.501 0 0 0
1 0.507 0.501 0.502 0 0 0
1 0.507 0.501 0.503 0 0 0
1 0.507 0.501 0.504 0 0 0
1 0.507 0.501 0.505 0 0 0
1 0.507 0.501 0.506 0 0 0
1 0.507 0.501 0.507 0 0 0
1 0.507 0.501 0.508 0 0 0
1 0.507 0.501 0.509 0 0 0
1 0.507 0.501 0.51 0 0 0
1 0.507 0.502 0.5 0 0 0
1 0.507 0.502 0.501 0 0 0
1 0.507 0.502 0.502 0 0 0
1 0.507 0.502 0.503 0 0 0
1 0.507 0.502 0.504 0 0 0
1 0.507 0.502 0.505 0 0 0
1 0.507 0.502 0.506 0 0 0
1 0.507 0.502 0.507 0 0 0
1 0.507 0.502 0.508 0 0 0
1 0.507 0.502 0.509 0 0 0
1 0.507 0.502 0.51 0 0 0
1 0.507 0.503 0.5 0 0 0
1 0.507 0.503 0.501 0 0 0
1 0.507 0.503 0.502 0 0 0
1 0.507 0.503 0.503 0 0 0
1 0.507 0.503 0.504 0 0 0
1 0.507 0.503 0.505 0 0 0
1 0.507 0.503 0.506 0 0 0
1 0.507 0.503 0.507 0 0 0
1 0.507 0.503 0.508 0 0 0
1 0.507 0.503 0.509 0 0 0
1 0.507 0.503 0.51 0 0 0
1 0.507 0.504 0.5 0 0 0
1 0.507 0.504 0.501 0 0 0
1 0.507 0.504 0.502 0 0 0
1 0.507 0.504 0.503 0 0 0
1 0.507 0.504 0.504 0 0 0
1 0.507 0.504 0.505 0 0 0
1 0.507 0.504 0.506 0 0 0
1 0.507 0.504 0.507 0 0 0
1 0.507 0.504 0.508 0 0 0
1 0.507 0.504 0.509 0 0 0
1 0.507 0.504 0.51 0 0 0
1 0.507 0.505 0.5 0 0 0
1 0.507 0.505 0.501 0 0 0
1 0.507 0.505 0.502 0 0 0
1 0.507 0.505 0.503 0 0 0
1 0.507 0.505 0.504 0 0 0
1 0.507 0.505 0.505 0 0 0
1 0.507 0.505 0.506 0 0 0
1 0.507 0.505 0.507 0 0 0
1 0.507 0.505 0.508 0 0 0
1 0.507 0.505 0.509 0 0 0
1 0.507 0.505 0.51 0 0 0
1 0.507 0.506 0.5 0 0 0
1 0.507 0.506 0.501 0 0 0
1 0.507 0.506 0.502 0 0 0
1 0.507 0.506 0.503 0 0 0
1 0.507 0.506 0.504 0 0 0
1 0.507 0.506 0.505 0 0 0
1 0.507 0.506 0.506 0 0 0
1 0.507 0.506 0.507 0 0 0
1 0.507 0.506 0.508 0 0 0
1 0.507 0.506 0.509 0 0 0
1 0.507 0.506 0.51 0 0 0
1 0.507 0.507 0.5 0 0 0
1 0.507 0.507 0.501 0 0 0
1 0.507 0.507 0.502 0 0 0
1 0.507 0.507 0.503 0 0 0
1 0.507 0.507 0.504 0 0 0
1 0.507 0.507 0.505 0 0 0
1 0.507 0.507 0.506 0 0 0
1 0.507 0.507 0.507 0 0 0
1 0.507 0.507 0.508 0 0 0
1 0.507 0.507 0.509 0 0 0
1 0.507 0.507 0.51 0 0 0
1 0.507 0.508 0.5 0 0 0
1 0.507 0.508 0.501 0 0 0
1 0.507 0.508 0.502 0 0 0
1 0.507 0.508 0.503 0 0 0
1 0.507 0.508 0.504 0 0 0
1 0.507 0.508 0.505 0 0 0
1 0.507 0.508 0.506 0 0 0
1 0.507 0.508 0.507 0 0 0
1 0.507 0.508 0.508 0 0 0
1 0.507 0.508 0.509 0 0 0
1 0.507 0.508 0.51 0 0 0
1 0.507 0.509 0.5 0 0 0
1 0.507 0.509 0.501 0 0 0
1 0.507 0.509 0.502 0 0 0
1 0.507 0.509 0.503 0 0 0
1 0.507 0.509 0.504 0 0 0
1 0.507 0.509 0.505 0 0 0
1 0.507 0.509 0.506 0 0 0
1 0.507 0.509 0.507 0 0 0
1 0.507 0.509 0.508 0 0 0
1 0.507 0.509 0.509 0 0 0
1 0.507 0.509 0.51 0 0 0
1 0.507 0.51 0.5 0 0 0
1 0.507 0.51 0.501 0 0 0
1 0.507 0.51 0.502 0 0 0
1 0.507 0.51 0.503 0 0 0
1 0.507 0.51 0.504 0 0 0
1 0.507 0.51 0.505 0 0 0
1 0.507 0.51 0.506 0 0 0
1 0.507 0.51 0.507 0 0 0
1 0.507 0.51 0.508 0 0 0
1 0.507 0.51 0.509 0 0 0
1 0.507 0.51 0.51 0 0 0
1 0.508 0.5 0.5 0 0 0
1 0.508 0.5 0.501 0 0 0
1 0.508 0.5 0.502 0 0 0
1 0.508 0.5 0.503 0 0 0
1 0.508 0.5 0.504 0 0 0
1 0.508 0.5 0.505 0 0 0
1 0.508 0.5 0.506 0 0 0
1 0.508 0.5 0.507 0 0 0
1 0.508 0.5 0.508 0 0 0
1 0.508 0.5 0.509 0 0 0
1 0.508 0.5 0.51 0 0 0
1 0.508 0.501 0.5 0 0 0
1 0.508 0.501 0.501 0 0 0
1 0.508 0.501 0.502 0 0 0
1 0.508 0.501 0.503 0 0 0
1 0.508 0.501 0.504 0 0 0
1 0.508 0.501 0.505 0 0 0
1 0.508 0.501 0.506 0 0 0
1 0.508 0.501 0.507 0 0 0
1 0.508 0.501 0.508 0 0 0
1 0.508 0.501 0.509 0 0 0
1 0.508 0.501 0.51 0 0 0
1 0.508 0.502 0.5 0 0 0
1 0.508 0.502 0.501 0 0 0
1 0.508 0.502 0.502 0 0 0
1 0.508 0.502 0.503 0 0 0
1 0.508 0.502 0.504 0 0 0
1 0.508 0.502 0.505 0 0 0
1 0.508 0.502 0.506 0 0 0
1 0.508 0.502 0.507 0 0 0
1 0.508 0.502 0.508 0 0 0
1 0.508 0.502 0.509 0 0 0
1 0.508 0.502 0.51 0 0 0
1 0.508 0.503 0.5 0 0 0
1 0.508 0.503 0.501 0 0 0
1 0.508 0.503 0.502 0 0 0
1 0.508 0.503 0.503 0 0 0
1 0.508 0.503 0.504 0 0 0
1 0.508 0.503 0.505 0 0 0
1 0.508 0.503 0.506 0 0 0
1 0.508 0.503 0.507 0 0 0
1 0.508 0.503 0.508 0 0 0
1 0.508 0.503 0.509 0 0 0
1 0.508 0.503 0.51 0 0 0
1 0.508 0.504 0.5 0 0 0
1 0.508 0.504 0.501 0 0 0
1 0.508 0.504 0.502 0 0 0
1 0.508 0.504 0.503 0 0 0
1 0.508 0.504 0.504 0 0 0
1 0.508 0.504 0.505 0 0 0
1 0.508 0.504 0.506 0 0 0
1 0.508 0.504 0.507 0 0 0
1 0.508 0.504 0.508 0 0 0
1 0.508 0.504 0.509 0 0 0
1 0.508 0.504 0.51 0 0 0
1 0.508 0.505 0.5 0 0 0
1 0.508 0.505 0.501 0 0 0
1 0.508 0.505 0.502 0 0 0
1 0.508 0.505 0.503 0 0 0
1 0.508 0.505 0.504 0 0 0
1 0.508 0.505 0.505 0 0 0
1 0.508 0.505 0.506 0 0 0
1 0.508 0.505 0.507 0 0 0
1 0.508 0.505 0.508 0 0 0
1 0.508 0.505 0.509 0 0 0
1 0.508 0.505 0.51 0 0 0
1 0.508 0.506 0.5 0 0 0
1 0.508 0.506 0.501 0 0 0
1 0.508 0.506 0.502 0 0 0
1 0.508 0.506 0.503 0 0 0
1 0.508 0.506 0.504 0 0 0
1 0.508 0.506 0.505 0 0 0
1 0.508 0.506 0.506 0 0 0
1 0.508 0.506 0.507 0 0 0
1 0.508 0.506 0.508 0 0 0
1 0.508 0.506 0.509 0 0 0
1 0.508 0.506 0.51 0 0 0
1 0.508 0.507 0.5 0 0 0
1 0.508 0.507 0.501 0 0 0
1 0.508 0.507 0.502 0 0 0
1 0.508 0.507 0.503 0 0 0
1 0.508 0.507 0.504 0 0 0
1 0.508 0.507 0.505 0 0 0
1 0.508 0.507 0.506 0 0 0
1 0.508 0.507 0.507 0 0 0
1 0.508 0.507 0.508 0 0 0
1 0.508 0.507 0.509 0 0 0
1 0.508 0.507 0.51 0 0 0
1 0.508 0.508 0.5 0 0 0
1 0.508 0.508 0.501 0 0 0
1 0.508 0.508 0.502 0 0 0
1 0.508 0.508 0.503 0 0 0
1 0.508 0.508 0.504 0 0 0
1 0.508 0.508 0.505 0 0 0
1 0.508 0.508 0.506 0 0 0
1 0.508 0.508 0.507 0 0 0
1 0.508 0.508 0.508 0 0 0
1 0.508 0.508 0.509 0 0 0
1 0.508 0.508 0.51 0 0 0
1 0.508 0.509 0.5 0 0 0
1 0.508 0.509 0.501 0 0 0
1 0.508 0.509 0.502 0 0 0
1 0.508 0.509 0.503 0 0 0
1 0.508 0.509 0.504 0 0 0
1 0.508 0.509 0.505 0 0 0
1 0.508 0.509 0.506 0 0 0
1 0.508 0.509 0.507 0 0 0
1 0.508 0.509 0.508 0 0 0
1 0.508 0.509 0.509 0 0 0
1 0.508 0.509 0.51 0 0 0
1 0.508 0.51 0.5 0 0 0
1 0.508 0.51 0.501 0 0 0
1 0.508 0.51 0.502 0 0 0
1 0.508 0.51 0.503 0 0 0
1 0.508 0.51 0.504 0 0 0
1 0.508 0.51 0.505 0 0 0
1 0.508 0.51 0.506 0 0 0
1 0.508 0.51 0.507 0 0 0
1 0.508 0.51 0.508 0 0 0
1 0.508 0.51 0.509 0 0 0
1 0.508 0.51 0.51 0 0 0
1 0.509 0.5 0.5 0 0 0
1 0.509 0.5 0.501 0 0 0
1 0.509 0.5 0.502 0 0 0
1 0.509 0.5 0.503 0 0 0
1 0.509 0.5 0.504 0 0 0
1 0.509 0.5 0.505 0 0 0
1 0.509 0.5 0.506 0 0 0
1 0.509 0.5 0.507 0 0 0
1 0.509 0.5 0.508 0 0 0
1 0.509 0.5 0.509 0 0 0
1 0.509 0.5 0.51 0 0 0
1 0.509 0.501 0.5 0 0 0
1 0.509 0.501 0.501 0 0 0
1 0.509 0.501 0.502 0 0 0
1 0.509 0.501 0.503 0 0 0
1 0.509 0.501 0.504 0 0 0
1 0.509 0.501 0.505 0 0 0
1 0.509 0.501 0.506 0 0 0
1 0.509 0.501 0.507 0 0 0
1 0.509 0.501 0.508 0 0 0
1 0.509 0.501 0.509 0 0 0
1 0.509 0.501 0.51 0 0 0
1 0.509 0.502 0.5 0 0 0
1 0.509 0.502 0.501 0 0 0
1 0.509 0.502 0.502 0 0 0
1 0.509 0.502 0.503 0 0 0
1 0.509 0.502 0.504 0 0 0
1 0.509 0.502 0.505 0 0 0
1 0.509 0.502 0.506 0 0 0
1 0.509 0.502 0.507 0 0 0
1 0.509 0.502 0.508 0 0 0
1 0.509 0.502 0.509 0 0 0
1 0.509 0.502 0.51 0 0 0
1 0.509 0.503 0.5 0 0 0
1 0.509 0.503 0.501 0 0 0
1 0.509 0.503 0.502 0 0 0
1 0.509 0.503 0.503 0 0 0
1 0.509 0.503 0.504 0 0 0
1 0.509 0.503 0.505 0 0 0
1 0.509 0.503 0.506 0 0 0
1 0.509 0.503 0.507 0 0 0
1 0.509 0.503 0.508 0 0 0
1 0.509 0.503 0.509 0 0 0
1 0.509 0.503 0.51 0 0 0
1 0.509 0.504 0.5 0 0 0
1 0.509 0.504 0.501 0 0 0
1 0.509 0.504 0.502 0 0 0
1 0.509 0.504 0.503 0 0 0
1 0.509 0.504 0.504 0 0 0
1 0.509 0.504 0.505 0 0 0
1 0.509 0.504 0.506 0 0 0
1 0.509 0.504 0.507 0 0 0
1 0.509 0.504 0.508 0 0 0
1 0.509 0.504 0.509 0 0 0
1 0.509 0.504 0.51 0 0 0
1 0.509 0.505 0.5 0 0 0
1 0.509 0.505 0.501 0 0 0
1 0.509 0.505 0.502 0 0 0
1 0.509 0.505 0.503 0 0 0
1 0.509 0.505 0.504 0 0 0
1 0.509 0.505 0.505 0 0 0
1 0.509 0.505 0.506 0 0 0
1 0.509 0.505 0.507 0 0 0
1 0.509 0.505 0.508 0 0 0
1 0.509 0.505 0.509 0 0 0
1 0.509 0.505 0.51 0 0 0
1 0.509 0.506 0.5 0 0 0
1 0.509 0.506 0.501 0 0 0
1 0.509 0.506 0.502 0 0 0
1 0.509 0.506 0.503 0 0 0
1 0.509 0.506 0.504 0 0 0
1 0.509 0.506 0.505 0 0 0
1 0.509 0.506 0.506 0 0 0
1 0.509 0.506 0.507 0 0 0
1 0.509 0.506 0.508 0 0 0
1 0.509 0.506 0.509 0 0 0
1 0.509 0.506 0.51 0 0 0
1 0.509 0.507 0.5 0 0 0
1 0.509 0.507 0.501 0 0 0
1 0.509 0.507 0.502 0 0 0
1 0.509 0.507 0.503 0 0 0
1 0.509 0.507 0.504 0 0 0
1 0.509 0.507 0.505 0 0 0
1 0.509 0.507 0.506 0 0 0
1 0.509 0.507 0.507 0 0 0
1 0.509 0.507 0.508 0 0 0
1 0.509 0.507 0.509 0 0 0
1 0.509 0.507 0.51 0 0 0
1 0.509 0.508 0.5 0 0 0
1 0.509 0.508 0.501 0 0 0
1 0.509 0.508 0.502 0 0 0
1 0.509 0.508 0.503 0 0 0
1 0.509 0.508 0.504 0 0 0
1 0.509 0.508 0.505 0 0 0
1 0.509 0.508 0.506 0 0 0
1 0.509 0.508 0.507 0 0 0
1 0.509 0.508 0.508 0 0 0
1 0.509 0.508 0.509 0 0 0
1 0.509 0.508 0.51 0 0 0
1 0.509 0.509 0.5 0 0 0
1 0.509 0.509 0.501 0 0 0
1 0.509 0.509 0.502 0 0 0
1 0.509 0.509 0.503 0 0 0
1 0.509 0.509 0.504 0 0 0
1 0.509 0.509 0.505 0 0 0
1 0.509 0.509 0.506 0 0 0
1 0.509 0.509 0.507 0 0 0
1 0.509 0.509 0.508 0 0 0
1 0.509 0.509 0.509 0 0 0
1 0.509 0.509 0.51 0 0 0
1 0.509 0.51 0.5 0 0 0
1 0.509 0.51 0.501 0 0 0
1 0.509 0.51 0.502 0 0 0
1 0.509 0.51 0.503 0 0 0
1 0.509 0.51 0.504 0 0 0
1 0.509 0.51 0.505 0 0 0
1 0.509 0.51 0.506 0 0 0
1 0.509 0.51 0.507 0 0 0
1 0.509 0.51 0.508 0 0 0
1 0.509 0.51 0.509 0 0 0
1 0.509 0.51 0.51 0 0 0
1 0.51 0.5 0.5 0 0 0
1 0.51 0.5 0.501 0 0 0
1 0.51 0.5 0.502 0 0 0
1 0.51 0.5 0.503 0 0 0
1 0.51 0.5 0.504 0 0 0
1 0.51 0.5 0.505 0 0 0
1 0.51 0.5 0.506 0 0 0
1 0.51 0.5 0.507 0 0 0
1 0.51 0.5 0.508 0 0 0
1 0.51 0.5 0.509 0 0 0
1 0.51 0.5 0.51 0 0 0
1 0.51 0.501 0.5 0 0 0
1 0.51 0.501 0.501 0 0 0
1 0.51 0.501 0.502 0 0 0
1 0.51 0.501 0.503 0 0 0
1 0.51 0.501 0.504 0 0 0
1 0.51 0.501 0.505 0 0 0
1 0.51 0.501 0.506 0 0 0
1 0.51 0.501 0.507 0 0 0
1 0.51 0.501 0.508 0 0 0
1 0.51 0.501 0.509 0 0 0
1 0.51 0.501 0.51 0 0 0
1 0.51 0.502 0.5 0 0 0
1 0.51 0.502 0.501 0 0 0
1 0.51 0.502 0.502 0 0 0
1 0.51 0.502 0.503 0 0 0
1 0.51 0.502 0.504 0 0 0
1 0.51 0.502 0.505 0 0 0
1 0.51 0.502 0.506 0 0 0
1 0.51 0.502 0.507 0 0 0
1 0.51 0.502 0.508 0 0 0
1 0.51 0.502 0.509 0 0 0
1 0.51 0.502 0.51 0 0 0
1 0.51 0.503 0.5 0 0 0
1 0.51 0.503 0.501 0 0 0
1 0.51 0.503 0.502 0 0 0
1 0.51 0.503 0.503 0 0 0
1 0.51 0.503 0.504 0 0 0
1 0.51 0.503 0.505 0 0 0
1 0.51 0.503 0.506 0 0 0
1 0.51 0.503 0.507 0 0 0
1 0.51 0.503 0.508 0 0 0
1 0.51 0.503 0.509 0 0 0
1 0.51 0.503 0.51 0 0 0
1 0.51 0.504 0.5 0 0 0
1 0.51 0.504 0.501 0 0 0
1 0.51 0.504 0.502 0 0 0
1 0.51 0.504 0.503 0 0 0
1 0.51 0.504 0.504 0 0 0
1 0.51 0.504 0.505 0 0 0
1 0.51 0.504 0.506 0 0 0
1 0.51 0.504 0.507 0 0 0
1 0.51 0.504 0.508 0 0 0
1 0.51 0.504 0.509 0 0 0
1 0.51 0.504 0.51 0 0 0
1 0.51 0.505 0.5 0 0 0
1 0.51 0.505 0.501 0 0 0
1 0.51 0.505 0.502 0 0 0
1 0.51 0.505 0.503 0 0 0
1 0.51 0.505 0.504 0 0 0
1 0.51 0.505 0.505 0 0 0
1 0.51 0.505 0.506 0 0 0
1 0.51 0.505 0.507 0 0 0
1 0.51 0.505 0.508 0 0 0
1 0.51 0.505 0.509 0 0 0
1 0.51 0.505 0.51 0 0 0
1 0.51 0.506 0.5 0 0 0
1 0.51 0.506 0.501 0 0 0
1 0.51 0.506 0.502 0 0 0
1 0.51 0.506 0.503 0 0 0
1 0.51 0.506 0.504 0 0 0
1 0.51 0.506 0.505 0 0 0
1 0.51 0.506 0.506 0 0 0
1 0.51 0.506 0.507 0 0 0
1 0.51 0.506 0.508 0 0 0
1 0.51 0.506 0.509 0 0 0
1 0.51 0.506 0.51 0 0 0
1 0.51 0.507 0.5 0 0 0
1 0.51 0.507 0.501 0 0 0
1 0.51 0.507 0.502 0 0 0
1 0.51 0.507 0.503 0 0 0
1 0.51 0.507 0.504 0 0 0
1 0.51 0.507 0.505 0 0 0
1 0.51 0.507 0.506 0 0 0
1 0.51 0.507 0.507 0 0 0
1 0.51 0.507 0.508 0 0 0
1 0.51 0.507 0.509 0 0 0
1 0.51 0.507 0.51 0 0 0
1 0.51 0.508 0.5 0 0 0
1 0.51 0.508 0.501 0 0 0
1 0.51 0.508 0.502 0 0 0
1 0.51 0.508 0.503 0 0 0
1 0.51 0.508 0.504 0 0 0
1 0.51 0.508 0.505 0 0 0
1 0.51 0.508 0.506 0 0 0
1 0.51 0.508 0.507 0 0 0
1 0.51 0.508 0.508 0 0 0
1 0.51 0.508 0.509 0 0 0
1 0.51 0.508 0.51 0 0 0
1 0.51 0.509 0.5 0 0 0
1 0.51 0.509 0.501 0 0 0
1 0.51 0.509 0.502 0 0 0
1 0.51 0.509 0.503 0 0 0
1 0.51 0.509 0.504 0 0 0
1 0.51 0.509 0.505 0 0 0
1 0.51 0.509 0.506 0 0 0
1 0.51 0.509 0.507 0 0 0
1 0.51 0.509 0.508 0 0 0
1 0.51 0.509 0.509 0 0 0
1 0.51 0.509 0.51 0 0 0
1 0.51 0.51 0.5 0 0 0
1 0.51 0.51 0.501 0 0 0
1 0.51 0.51 0.502 0 0 0
1 0.51 0.51 0.503 0 0 0
1 0.51 0.51 0.504 0 0 0
1 0.51 0.51 0.505 0 0 0
1 0.51 0.51 0.506 0 0 0
1 0.51 0.51 0.507 0 0 0
1 0.51 0.51 0.508 0 0 0
1 0.51 0.51 0.509 0 0 0
1 0.51 0.51 0.51 0 0 0
